68 7 61
68 31 37
24 5 19
24 7 17
24 11 13
48 5 43
48 7 41
48 11 37
48 17 31
48 19 29
12 5 7
42 5 37
42 11 31
42 13 29
42 19 23
66 5 61
66 7 59
66 13 53
66 19 47
66 23 43
66 29 37
78 5 73
78 7 71
78 11 67
78 17 61
78 19 59
78 31 47
78 37 41
88 5 83
88 17 71
88 29 59
88 41 47
76 3 73
76 5 71
76 17 59
76 23 53
76 29 47
64 3 61
64 5 59
64 11 53
64 17 47
64 23 41
24 5 19
24 7 17
24 11 13
22 3 19
22 5 17
64 3 61
64 5 59
64 11 53
64 17 47
64 23 41
18 5 13
18 7 11
36 5 31
36 7 29
36 13 23
36 17 19
42 5 37
42 11 31
42 13 29
42 19 23
56 3 53
56 13 43
56 19 37
30 7 23
30 11 19
30 13 17
44 3 41
44 7 37
44 13 31
28 5 23
28 11 17
94 5 89
94 11 83
94 23 71
94 41 53
28 5 23
28 11 17
52 5 47
52 11 41
52 23 29
28 5 23
28 11 17
36 5 31
36 7 29
36 13 23
36 17 19
34 3 31
34 5 29
34 11 23
58 5 53
58 11 47
58 17 41
